1535215414512047841924997158767613632170359582321040
2127369931538123438096067491435121747436069706930584 
2171233229095610519293924553114196422640937123568328 
2566002907112994250074638108225868499484743873308024 
2368618068104302384684281330670032461062840498438176 
2544071258334250709475709577386331161882310164989152 
2127369931538123438096067491435121747436069706930584 
2193164877874354059892853083953733760243370831887200
701812760919793299165712986865194803277878666203904
1842258497414457410309996590521136358604431498785248 
2215096526653097600491781614793271097845804540206072 
2171233229095610519293924553114196422640937123568328 
2412481365661789465882138392349107136267707915075920 
2434413014440533006481066923188644473870141623394792 
2368618068104302384684281330670032461062840498438176 
2434413014440533006481066923188644473870141623394792 
2258959824210584681689638676472345773050671956843816 
2302823121768071762887495738151420448255539373481560
2171233229095610519293924553114196422640937123568328
2127369931538123438096067491435121747436069706930584