4229061668660203446550810868675607749429124222667030
5472903335913204460242225830050786499261219582274980
5224135002462604257503942837775750749294800510353390
5870932669434164784623478617690843699207490097349524
5025120335702124095313316443955722149321665252816118
5671918002673684622432852223870815099234354839812252
5721671669363804662980508822325822249227638654196570
5224135002462604257503942837775750749294800510353390
4975366669012004054765659845500714999328381438431800
4826105668941643933122690050135693549348529995278846
4975366669012004054765659845500714999328381438431800
1592117334083841297525011150560228799785082060298176
3383249334928162757240648694940486199543299378133624
5224135002462604257503942837775750749294800510353390
5721671669363804662980508822325822249227638654196570
5771425336053924703528165420780829399220922468580888
5671918002673684622432852223870815099234354839812252
5224135002462604257503942837775750749294800510353390
5771425336053924703528165420780829399220922468580888
4826105668941643933122690050135693549348529995278846
5373396002532964379146912633140772199274651953506344

a: 9
q: 73287021855296887299694682069035617734248700833426
g: 52695970017606455542775468147552486122552022693524
h: 37189523836128189122616531228331087503284029752466
k: 20205424646237719389817882429235113079975789687933
key: 48942051636266160290083264677617535976846720470509